66,0,-1,-1,-1;87,0,-1,-1,-1;87,0,-1,-1,-1;87,0,-1,-1,-1;87,0,-1,-1,-1;87,0,-1,-1,-1;87,0,-1,-1,-1;87,0,-1,-1,-1;87,0,-1,-1,-1;87,0,-1,-1,-1;87,0,-1,-1,-1;87,0,-1,-1,-1;87,0,-1,-1,-1;87,0,-1,-1,-1;87,0,-1,-1,-1;87,0,-1,-1,-1;87,0,-1,-1,-1;67,0,-1,-1,-1;
79,0,-1,-1,-1;66,0,-1,-1,-1;87,0,-1,-1,-1;87,0,-1,-1,-1;87,0,-1,-1,-1;87,0,-1,-1,-1;87,0,-1,-1,-1;87,0,-1,-1,-1;87,0,-1,-1,-1;87,0,-1,-1,-1;87,0,-1,-1,-1;87,0,-1,-1,-1;87,0,-1,-1,-1;87,0,-1,-1,-1;87,0,-1,-1,-1;87,0,-1,-1,-1;67,0,-1,-1,-1;79,0,-1,-1,-1;
79,0,-1,-1,-1;79,0,-1,-1,-1;79,0,-1,-1,-1;79,0,-1,-1,-1;79,0,-1,-1,-1;79,0,-1,-1,-1;79,0,-1,-1,-1;79,0,-1,-1,-1;79,0,-1,-1,-1;79,0,-1,-1,-1;79,0,-1,-1,-1;79,0,-1,-1,-1;79,0,-1,-1,-1;79,0,-1,-1,-1;79,0,-1,-1,-1;79,0,-1,-1,-1;79,0,-1,-1,-1;79,0,-1,-1,-1;
79,0,-1,-1,-1;79,0,-1,-1,-1;79,0,-1,-1,-1;79,0,-1,-1,-1;79,0,-1,-1,-1;79,0,-1,-1,-1;79,0,-1,-1,-1;79,0,-1,-1,-1;79,0,-1,-1,-1;79,0,-1,-1,-1;79,0,-1,-1,-1;79,0,-1,-1,-1;79,0,-1,-1,-1;79,0,-1,-1,-1;79,0,-1,-1,-1;79,0,-1,-1,-1;79,0,-1,-1,-1;79,0,-1,-1,-1;
79,0,-1,-1,-1;79,0,-1,-1,-1;79,0,-1,-1,-1;79,0,-1,-1,-1;79,0,-1,-1,-1;79,0,-1,-1,-1;79,0,-1,-1,-1;79,0,-1,-1,-1;79,0,-1,-1,-1;79,0,-1,-1,-1;79,0,-1,-1,-1;79,0,-1,-1,-1;79,0,-1,-1,-1;79,0,-1,-1,-1;79,0,-1,-1,-1;79,0,-1,-1,-1;79,0,-1,-1,-1;79,0,-1,-1,-1;
79,0,-1,-1,-1;79,0,-1,-1,-1;79,0,-1,-1,-1;79,0,-1,-1,-1;79,0,-1,-1,-1;79,0,-1,-1,-1;79,0,-1,-1,-1;79,0,-1,-1,-1;79,0,-1,-1,-1;79,0,-1,-1,-1;79,0,-1,-1,-1;79,0,-1,-1,-1;79,0,-1,-1,-1;79,0,-1,-1,-1;79,0,-1,-1,-1;79,0,-1,-1,-1;79,0,-1,-1,-1;79,0,-1,-1,-1;
79,0,-1,-1,-1;79,0,-1,-1,-1;79,0,-1,-1,-1;79,0,-1,-1,-1;79,0,-1,-1,-1;79,0,-1,-1,-1;79,0,-1,-1,-1;79,0,-1,-1,-1;79,0,-1,-1,-1;79,0,-1,-1,-1;79,0,-1,-1,-1;79,0,-1,-1,-1;79,0,-1,-1,-1;79,0,-1,-1,-1;79,0,-1,-1,-1;79,0,-1,-1,-1;79,0,-1,-1,-1;79,0,-1,-1,-1;
79,0,-1,-1,-1;79,0,-1,-1,-1;79,0,-1,-1,-1;79,0,-1,-1,-1;79,0,-1,-1,-1;79,0,-1,-1,-1;79,0,-1,-1,-1;79,0,-1,-1,-1;79,0,-1,-1,-1;79,0,-1,-1,-1;79,0,-1,-1,-1;79,0,-1,-1,-1;79,0,-1,-1,-1;79,0,-1,-1,-1;79,0,-1,-1,-1;79,0,-1,-1,-1;79,0,-1,-1,-1;79,0,-1,-1,-1;
79,0,-1,-1,-1;79,0,-1,-1,-1;79,0,-1,-1,-1;79,0,-1,-1,-1;79,0,-1,-1,-1;79,0,-1,-1,-1;79,0,-1,-1,-1;79,0,-1,-1,-1;79,0,-1,-1,-1;79,0,-1,-1,-1;79,0,-1,-1,-1;79,0,-1,-1,-1;79,0,-1,-1,-1;79,0,-1,-1,-1;79,0,-1,-1,-1;79,0,-1,-1,-1;79,0,-1,-1,-1;79,0,-1,-1,-1;
79,0,-1,-1,-1;79,0,-1,-1,-1;108,0,-1,-1,-1;56,0,-1,7,-1;56,0,-1,8,-1;56,0,-1,9,-1;56,0,-1,10,-1;56,0,-1,-1,-1;55,0,-1,-1,-1;56,0,-1,-1,-1;108,0,-1,-1,-1;56,0,-1,22,-1;56,0,-1,-1,-1;56,0,-1,47,-1;56,0,-1,-1,-1;56,0,-1,-1,-1;108,0,-1,-1,-1;79,0,-1,-1,-1;
79,0,-1,-1,-1;79,0,-1,-1,-1;108,0,-1,-1,-1;54,0,-1,-1,-1;54,0,-1,59,-1;54,0,-1,60,-1;54,0,-1,-1,-1;54,0,-1,-1,-1;54,0,-1,-1,-1;54,0,-1,-1,-1;108,0,-1,-1,-1;54,0,-1,23,-1;54,0,-1,-1,-1;54,0,-1,48,-1;54,0,-1,16,-1;54,0,-1,15,-1;108,0,-1,-1,-1;79,0,-1,-1,-1;
79,0,-1,-1,-1;79,0,-1,-1,-1;108,0,-1,-1,-1;63,1,-1,-1,-1;63,0,-1,57,-1;63,0,-1,58,-1;63,1,-1,-1,-1;63,1,-1,-1,-1;63,1,-1,-1,-1;63,0,-1,397,-1;108,0,-1,-1,-1;63,1,-1,-1,-1;63,1,-1,-1,-1;63,1,-1,-1,-1;63,1,-1,-1,-1;63,1,-1,-1,-1;108,0,-1,-1,-1;79,0,-1,-1,-1;
79,0,-1,-1,-1;79,0,-1,-1,-1;108,0,-1,-1,-1;63,1,-1,-1,-1;63,1,-1,-1,-1;63,1,-1,-1,-1;63,1,-1,-1,-1;63,1,-1,-1,-1;63,1,-1,-1,-1;63,0,-1,398,-1;108,0,-1,-1,-1;63,1,-1,-1,-1;63,1,-1,-1,-1;63,0,-1,288,-1;63,0,-1,248,-1;63,0,-1,40,-1;108,0,-1,-1,-1;79,0,-1,-1,-1;
79,0,-1,-1,-1;79,0,-1,-1,-1;108,0,-1,-1,-1;63,1,-1,-1,-1;63,0,-1,108,-1;63,0,-1,108,-1;63,1,-1,-1,-1;63,1,-1,-1,-1;63,1,-1,-1,-1;63,1,-1,-1,-1;108,0,-1,-1,-1;63,1,-1,-1,-1;63,1,-1,-1,-1;63,1,-1,-1,-1;63,0,-1,248,249;63,0,-1,42,-1;108,0,-1,-1,-1;79,0,-1,-1,-1;
79,0,-1,-1,-1;79,0,-1,-1,-1;108,0,-1,-1,-1;63,1,-1,-1,-1;63,1,-1,-1,-1;63,1,-1,-1,-1;63,1,-1,-1,-1;63,1,-1,-1,-1;63,1,-1,-1,-1;63,1,-1,-1,-1;63,1,-1,-1,-1;63,1,-1,-1,-1;63,1,-1,-1,-1;63,1,-1,-1,-1;63,1,-1,-1,-1;63,1,-1,-1,-1;108,0,-1,-1,-1;79,0,-1,-1,-1;
79,0,-1,-1,-1;79,0,-1,-1,-1;108,0,-1,-1,-1;63,1,-1,106,-1;63,0,-1,277,-1;63,0,-1,277,56;63,1,-1,107,-1;63,1,-1,-1,-1;63,1,-1,-1,-1;63,1,-1,-1,-1;108,0,-1,-1,-1;63,0,-1,121,-1;63,1,-1,-1,-1;63,1,-1,-1,-1;63,1,-1,-1,-1;63,1,-1,-1,-1;108,0,-1,-1,-1;79,0,-1,-1,-1;
79,0,-1,-1,-1;79,0,-1,-1,-1;108,0,-1,-1,-1;63,1,-1,-1,-1;63,1,-1,-1,-1;63,1,-1,-1,-1;63,1,-1,-1,-1;63,1,-1,-1,-1;63,1,-1,-1,-1;63,1,-1,-1,-1;108,0,-1,-1,-1;63,1,-1,127,-1;63,1,-1,-1,-1;63,1,-1,-1,-1;63,0,-1,264,-1;63,0,-1,265,-1;108,0,-1,-1,-1;79,0,-1,-1,-1;
19,0,-1,-1,-1;19,0,-1,-1,-1;19,0,-1,-1,-1;19,0,-1,-1,-1;19,0,-1,-1,-1;19,0,-1,-1,-1;19,0,-1,-1,-1;19,0,-1,-1,-1;18,0,-1,-1,-1;17,0,-1,-1,-1;19,0,-1,-1,-1;19,0,-1,-1,-1;19,0,-1,-1,-1;19,0,-1,-1,-1;19,0,-1,-1,-1;19,0,-1,-1,-1;19,0,-1,-1,-1;19,0,-1,-1,-1;
