66,0,-1,-1,-1;87,0,-1,-1,-1;87,0,-1,-1,-1;87,0,-1,-1,-1;87,0,-1,-1,-1;87,0,-1,-1,-1;87,0,-1,-1,-1;87,0,-1,-1,-1;87,0,-1,-1,-1;87,0,-1,-1,-1;87,0,-1,-1,-1;87,0,-1,-1,-1;87,0,-1,-1,-1;87,0,-1,-1,-1;87,0,-1,-1,-1;87,0,-1,-1,-1;87,0,-1,-1,-1;67,0,-1,-1,-1;
79,0,-1,-1,-1;66,0,-1,-1,-1;87,0,-1,-1,-1;87,0,-1,-1,-1;87,0,-1,-1,-1;87,0,-1,-1,-1;87,0,-1,-1,-1;87,0,-1,-1,-1;87,0,-1,-1,-1;87,0,-1,-1,-1;87,0,-1,-1,-1;87,0,-1,-1,-1;87,0,-1,-1,-1;87,0,-1,-1,-1;87,0,-1,-1,-1;87,0,-1,-1,-1;67,0,-1,-1,-1;79,0,-1,-1,-1;
79,0,-1,-1,-1;79,0,-1,-1,-1;79,0,-1,-1,-1;79,0,-1,-1,-1;79,0,-1,-1,-1;79,0,-1,-1,-1;79,0,-1,-1,-1;79,0,-1,-1,-1;79,0,-1,-1,-1;79,0,-1,-1,-1;79,0,-1,-1,-1;79,0,-1,-1,-1;79,0,-1,-1,-1;79,0,-1,-1,-1;79,0,-1,-1,-1;79,0,-1,-1,-1;79,0,-1,-1,-1;79,0,-1,-1,-1;
79,0,-1,-1,-1;79,0,-1,-1,-1;79,0,-1,-1,-1;79,0,-1,-1,-1;79,0,-1,-1,-1;79,0,-1,-1,-1;79,0,-1,-1,-1;79,0,-1,-1,-1;79,0,-1,-1,-1;79,0,-1,-1,-1;79,0,-1,-1,-1;79,0,-1,-1,-1;79,0,-1,-1,-1;79,0,-1,-1,-1;79,0,-1,-1,-1;79,0,-1,-1,-1;79,0,-1,-1,-1;79,0,-1,-1,-1;
79,0,-1,-1,-1;79,0,-1,-1,-1;79,0,-1,-1,-1;79,0,-1,-1,-1;79,0,-1,-1,-1;79,0,-1,-1,-1;79,0,-1,-1,-1;79,0,-1,-1,-1;79,0,-1,-1,-1;79,0,-1,-1,-1;79,0,-1,-1,-1;79,0,-1,-1,-1;79,0,-1,-1,-1;79,0,-1,-1,-1;79,0,-1,-1,-1;79,0,-1,-1,-1;79,0,-1,-1,-1;79,0,-1,-1,-1;
79,0,-1,-1,-1;79,0,-1,-1,-1;79,0,-1,-1,-1;79,0,-1,-1,-1;79,0,-1,-1,-1;79,0,-1,-1,-1;79,0,-1,-1,-1;79,0,-1,-1,-1;79,0,-1,-1,-1;79,0,-1,-1,-1;79,0,-1,-1,-1;79,0,-1,-1,-1;79,0,-1,-1,-1;79,0,-1,-1,-1;79,0,-1,-1,-1;79,0,-1,-1,-1;79,0,-1,-1,-1;79,0,-1,-1,-1;
79,0,-1,-1,-1;79,0,-1,-1,-1;79,0,-1,-1,-1;79,0,-1,-1,-1;79,0,-1,-1,-1;79,0,-1,-1,-1;79,0,-1,-1,-1;79,0,-1,-1,-1;79,0,-1,-1,-1;79,0,-1,-1,-1;79,0,-1,-1,-1;79,0,-1,-1,-1;79,0,-1,-1,-1;79,0,-1,-1,-1;79,0,-1,-1,-1;79,0,-1,-1,-1;79,0,-1,-1,-1;79,0,-1,-1,-1;
79,0,-1,-1,-1;108,0,-1,-1,-1;209,0,-1,11,-1;209,0,-1,12,-1;209,0,-1,14,-1;209,0,-1,13,-1;209,0,-1,-1,-1;209,0,-1,155,-1;209,0,-1,168,-1;209,0,-1,-1,-1;108,0,-1,-1,-1;209,0,-1,-1,-1;209,0,-1,-1,-1;209,0,-1,-1,-1;209,0,-1,174,-1;209,0,-1,175,-1;108,0,-1,-1,-1;79,0,-1,-1,-1;
79,0,-1,-1,-1;108,0,-1,-1,-1;211,0,-1,20,-1;211,0,-1,19,-1;211,0,-1,43,-1;211,0,-1,44,-1;211,0,-1,-1,-1;211,0,-1,156,-1;211,0,-1,169,-1;211,0,-1,-1,-1;108,0,-1,-1,-1;211,0,-1,173,-1;211,0,-1,172,-1;211,0,-1,-1,-1;211,0,-1,-1,-1;211,0,-1,-1,-1;108,0,-1,-1,-1;79,0,-1,-1,-1;
79,0,-1,-1,-1;108,0,-1,-1,-1;84,1,-1,-1,-1;84,1,-1,-1,-1;84,1,-1,-1,-1;84,1,-1,-1,-1;84,0,-1,274,-1;84,1,-1,-1,-1;84,1,-1,-1,-1;84,0,-1,240,-1;108,0,-1,-1,-1;84,1,-1,-1,-1;84,1,-1,-1,-1;84,0,-1,18,-1;84,0,-1,252,-1;84,0,-1,252,-1;108,0,-1,-1,-1;79,0,-1,-1,-1;
79,0,-1,-1,-1;108,0,-1,-1,-1;84,1,-1,-1,-1;84,1,-1,-1,-1;84,1,-1,-1,-1;84,1,-1,-1,-1;84,1,-1,-1,-1;84,1,-1,-1,-1;84,1,-1,-1,-1;84,0,-1,273,-1;108,0,-1,-1,-1;5,0,-1,185,-1;84,1,-1,-1,-1;84,1,-1,-1,-1;84,0,-1,252,253;84,0,-1,252,253;108,0,-1,-1,-1;79,0,-1,-1,-1;
79,0,-1,-1,-1;108,0,-1,-1,-1;84,1,-1,-1,-1;84,0,-1,270,-1;84,1,-1,-1,-1;84,1,-1,285,-1;84,1,-1,285,-1;84,1,-1,-1,-1;84,1,-1,-1,-1;84,0,-1,239,-1;108,0,-1,-1,-1;84,0,-1,201,-1;84,1,-1,-1,-1;84,1,-1,-1,-1;84,1,-1,-1,-1;84,1,-1,-1,-1;108,0,-1,-1,-1;79,0,-1,-1,-1;
79,0,-1,-1,-1;108,0,-1,-1,-1;84,1,-1,-1,-1;84,1,-1,-1,-1;84,1,-1,-1,-1;84,0,-1,275,-1;84,0,-1,275,-1;84,1,-1,-1,-1;84,1,-1,-1,-1;84,0,-1,269,-1;108,0,-1,-1,-1;84,1,-1,-1,-1;84,1,-1,-1,-1;84,0,-1,274,-1;84,1,-1,-1,-1;84,1,-1,-1,-1;108,0,-1,-1,-1;79,0,-1,-1,-1;
79,0,-1,-1,-1;108,0,-1,-1,-1;84,1,-1,-1,-1;84,1,-1,-1,-1;84,1,-1,-1,-1;84,1,-1,-1,-1;84,1,-1,-1,-1;84,1,-1,-1,-1;84,1,-1,-1,-1;84,0,-1,263,-1;108,0,-1,-1,-1;108,0,-1,-1,-1;108,0,-1,-1,-1;108,0,-1,-1,-1;84,1,-1,-1,-1;84,1,-1,-1,-1;108,0,-1,-1,-1;79,0,-1,-1,-1;
79,0,-1,-1,-1;108,0,-1,-1,-1;84,0,-1,31,-1;84,1,-1,-1,-1;84,1,-1,-1,-1;84,1,-1,-1,-1;84,1,-1,-1,-1;84,1,-1,-1,-1;84,1,-1,-1,-1;84,1,-1,-1,-1;84,1,-1,-1,-1;84,1,-1,-1,-1;84,1,-1,-1,-1;84,1,-1,-1,-1;84,1,-1,-1,-1;84,1,-1,-1,-1;108,0,-1,-1,-1;79,0,-1,-1,-1;
79,0,-1,-1,-1;108,0,-1,-1,-1;84,0,-1,30,31;84,0,-1,30,-1;84,0,-1,32,-1;84,1,-1,-1,-1;84,1,-1,-1,-1;84,0,-1,274,-1;84,1,-1,-1,-1;84,1,-1,-1,-1;84,1,-1,-1,-1;84,1,-1,-1,-1;84,1,-1,-1,-1;84,1,-1,-1,-1;84,1,-1,-1,-1;84,1,-1,-1,-1;108,0,-1,-1,-1;79,0,-1,-1,-1;
79,0,-1,-1,-1;108,0,-1,-1,-1;84,0,-1,30,-1;84,0,-1,32,-1;84,1,-1,-1,-1;84,1,-1,-1,-1;84,1,-1,-1,-1;84,1,-1,-1,-1;84,1,-1,-1,-1;84,1,-1,-1,-1;84,0,-1,274,-1;84,1,-1,-1,-1;84,1,-1,-1,-1;84,1,-1,-1,-1;84,0,-1,320,-1;84,0,-1,268,-1;108,0,-1,-1,-1;79,0,-1,-1,-1;
79,0,-1,-1,-1;19,0,-1,-1,-1;19,0,-1,-1,-1;19,0,-1,-1,-1;19,0,-1,-1,-1;19,0,-1,-1,-1;19,0,-1,-1,-1;19,0,-1,-1,-1;18,3,-1,-1,-1;17,3,-1,-1,-1;19,0,-1,-1,-1;19,0,-1,-1,-1;19,0,-1,-1,-1;19,0,-1,-1,-1;19,0,-1,-1,-1;19,0,-1,-1,-1;19,0,-1,-1,-1;79,0,-1,-1,-1;
