61,6,-1,-1,-1;61,6,-1,-1,-1;61,6,-1,-1,-1;61,6,-1,-1,-1;61,6,-1,-1,-1;61,6,-1,-1,-1;61,6,-1,-1,-1;61,6,-1,-1,-1;61,6,-1,-1,-1;61,6,-1,-1,-1;61,6,-1,-1,-1;61,6,-1,-1,-1;61,6,-1,-1,-1;61,6,-1,-1,-1;61,6,-1,-1,-1;61,6,-1,-1,-1;61,6,-1,-1,-1;61,0,-1,345,-1;
61,6,-1,-1,-1;27,1,-1,-1,-1;34,1,-1,-1,-1;34,1,-1,-1,-1;34,1,-1,-1,-1;34,1,-1,-1,-1;34,1,-1,-1,-1;34,1,-1,-1,-1;34,1,-1,-1,-1;34,1,-1,-1,-1;34,1,-1,-1,-1;34,1,-1,-1,-1;34,1,-1,-1,-1;34,1,-1,-1,-1;34,1,-1,-1,-1;34,1,-1,-1,-1;30,1,-1,-1,-1;61,0,-1,345,-1;
61,6,-1,-1,-1;31,1,-1,-1,-1;26,1,-1,-1,-1;26,1,-1,-1,-1;26,1,-1,-1,-1;5,0,-1,301,-1;26,1,-1,-1,-1;5,0,-1,301,-1;26,1,-1,-1,-1;5,0,-1,301,-1;26,1,-1,-1,-1;5,0,-1,301,-1;26,1,-1,-1,-1;5,0,-1,301,-1;26,1,-1,-1,-1;26,1,-1,-1,-1;32,1,-1,-1,-1;61,0,-1,345,345;
61,6,-1,-1,-1;31,1,-1,-1,-1;26,1,-1,-1,-1;26,1,-1,-1,-1;26,1,-1,-1,-1;5,0,-1,302,-1;26,1,-1,-1,-1;5,0,-1,302,-1;26,1,-1,-1,-1;5,0,-1,302,-1;26,1,-1,-1,-1;5,0,-1,302,-1;26,1,-1,-1,-1;5,0,-1,302,-1;26,1,-1,-1,-1;26,1,-1,-1,-1;32,1,-1,-1,-1;61,0,-1,345,345;
61,6,-1,-1,-1;31,1,-1,-1,-1;26,1,-1,-1,-1;26,1,-1,-1,-1;26,1,-1,-1,-1;26,1,-1,-1,-1;26,1,-1,-1,-1;26,1,-1,-1,-1;26,1,-1,-1,-1;26,1,-1,-1,-1;26,1,-1,-1,-1;26,1,-1,-1,-1;26,1,-1,-1,-1;26,1,-1,-1,-1;26,1,-1,-1,-1;26,1,-1,-1,-1;32,1,-1,-1,-1;61,0,-1,345,-1;
61,6,-1,-1,-1;31,1,-1,-1,-1;26,1,-1,-1,-1;26,1,-1,-1,-1;26,1,-1,-1,-1;33,1,-1,-1,-1;33,1,-1,-1,-1;26,1,-1,-1,-1;26,1,-1,-1,-1;5,0,-1,301,-1;26,1,-1,-1,-1;26,1,-1,-1,-1;33,1,-1,-1,-1;33,1,-1,-1,-1;26,1,-1,-1,-1;26,1,-1,-1,-1;32,1,-1,-1,-1;61,0,-1,345,-1;
61,6,-1,-1,-1;31,1,-1,-1,-1;26,1,-1,-1,-1;26,1,-1,-1,-1;32,1,-1,-1,-1;26,0,-1,362,-1;26,0,-1,363,-1;31,1,-1,-1,-1;26,1,-1,-1,-1;5,0,-1,302,-1;26,1,-1,-1,-1;32,1,-1,-1,-1;26,0,-1,362,-1;26,0,-1,363,-1;31,1,-1,-1,-1;26,1,-1,-1,-1;32,1,-1,-1,-1;61,0,-1,345,345;
61,6,-1,-1,-1;31,1,-1,-1,-1;26,1,-1,-1,-1;26,1,-1,-1,-1;32,1,-1,-1,-1;232,0,-1,-1,-1;233,0,-1,-1,-1;31,1,-1,-1,-1;26,1,-1,-1,-1;26,1,-1,-1,-1;26,1,-1,-1,-1;32,1,-1,-1,-1;232,0,-1,-1,-1;233,0,-1,-1,-1;31,1,-1,-1,-1;26,1,-1,-1,-1;32,1,-1,-1,-1;61,0,-1,345,-1;
61,6,-1,-1,-1;31,1,-1,-1,-1;26,1,-1,-1,-1;26,1,-1,-1,-1;32,1,-1,-1,-1;236,0,-1,-1,-1;237,0,-1,-1,-1;31,1,-1,-1,-1;26,1,-1,-1,-1;5,0,-1,301,-1;26,1,-1,-1,-1;32,1,-1,-1,-1;236,0,-1,-1,-1;237,0,-1,-1,-1;31,1,-1,-1,-1;26,1,-1,-1,-1;32,1,-1,-1,-1;61,0,-1,345,345;
61,6,-1,-1,-1;31,1,-1,-1,-1;26,1,-1,-1,-1;26,1,-1,-1,-1;32,1,-1,-1,-1;236,0,-1,-1,-1;237,0,-1,-1,-1;31,1,-1,-1,-1;26,1,-1,-1,-1;5,0,-1,302,-1;26,1,-1,-1,-1;32,1,-1,-1,-1;238,0,-1,-1,-1;239,0,-1,-1,-1;31,1,-1,-1,-1;26,1,-1,-1,-1;32,1,-1,-1,-1;61,0,-1,345,-1;
61,6,-1,-1,-1;31,1,-1,-1,-1;26,1,-1,-1,-1;26,1,-1,-1,-1;32,1,-1,-1,-1;238,0,-1,-1,-1;239,0,-1,-1,-1;28,1,-1,-1,-1;33,1,-1,-1,-1;33,1,-1,-1,-1;33,1,-1,-1,-1;29,1,-1,-1,-1;242,0,-1,-1,-1;241,0,-1,-1,-1;31,1,-1,-1,-1;26,1,-1,-1,-1;32,1,-1,-1,-1;61,0,-1,345,-1;
61,6,-1,-1,-1;31,1,-1,-1,-1;26,1,-1,-1,-1;26,1,-1,-1,-1;32,1,-1,-1,-1;240,0,-1,-1,-1;239,0,-1,-1,-1;69,0,-1,139,-1;78,0,-1,139,-1;78,0,-1,139,-1;78,0,-1,139,-1;78,0,-1,139,-1;240,0,-1,-1,-1;241,0,-1,-1,-1;31,1,-1,-1,-1;26,1,-1,-1,-1;32,1,-1,-1,-1;61,0,-1,345,-1;
61,6,-1,-1,-1;31,1,-1,-1,-1;26,1,-1,-1,-1;26,1,-1,-1,-1;32,1,-1,-1,-1;242,0,-1,-1,-1;241,0,-1,-1,-1;179,0,-1,-1,-1;180,0,-1,-1,-1;221,0,-1,-1,-1;180,0,-1,-1,-1;181,0,-1,-1,-1;240,0,-1,-1,-1;243,0,-1,-1,-1;31,1,-1,-1,-1;26,1,-1,-1,-1;32,1,-1,-1,-1;61,0,-1,345,345;
61,6,-1,-1,-1;31,1,-1,-1,-1;26,1,-1,-1,-1;26,1,-1,-1,-1;32,1,-1,-1,-1;26,0,-1,364,-1;180,0,-1,365,-1;179,0,-1,-1,-1;180,0,-1,-1,-1;180,3,2,153,-1;180,0,-1,-1,-1;181,0,-1,-1,-1;179,0,-1,364,-1;26,0,-1,365,-1;31,1,-1,-1,-1;26,1,-1,-1,-1;32,1,-1,-1,-1;61,0,-1,345,-1;
61,6,-1,-1,-1;31,1,-1,-1,-1;26,1,-1,-1,-1;26,1,-1,-1,-1;26,1,-1,-1,-1;34,1,-1,-1,-1;30,1,-1,-1,-1;92,1,-1,-1,-1;92,1,-1,-1,-1;92,1,-1,-1,-1;92,1,-1,-1,-1;92,1,-1,-1,-1;27,1,-1,-1,-1;34,1,-1,-1,-1;26,1,-1,-1,-1;26,1,-1,-1,-1;32,1,-1,-1,-1;61,0,-1,345,345;
61,6,-1,-1,-1;31,1,-1,-1,-1;26,1,-1,-1,-1;26,1,-1,-1,-1;26,1,-1,-1,-1;26,1,-1,-1,-1;26,1,-1,-1,-1;34,1,-1,-1,-1;34,1,-1,-1,-1;34,1,-1,-1,-1;34,1,-1,-1,-1;34,1,-1,-1,-1;26,1,-1,-1,-1;26,1,-1,-1,-1;26,1,-1,-1,-1;26,1,-1,-1,-1;32,1,-1,-1,-1;61,0,-1,345,-1;
61,6,-1,-1,-1;28,1,-1,-1,-1;33,1,-1,-1,-1;33,1,-1,-1,-1;33,1,-1,-1,-1;33,1,-1,-1,-1;33,1,-1,-1,-1;33,1,-1,-1,-1;33,1,-1,-1,-1;33,1,-1,-1,-1;33,1,-1,-1,-1;33,1,-1,-1,-1;33,1,-1,-1,-1;33,1,-1,-1,-1;33,1,-1,-1,-1;33,1,-1,-1,-1;29,1,-1,-1,-1;61,0,-1,345,-1;
7,0,-1,345,-1;8,0,-1,345,-1;8,0,-1,345,-1;8,0,-1,345,-1;8,0,-1,345,-1;8,0,-1,345,-1;8,0,-1,345,-1;8,0,-1,345,-1;8,0,-1,345,-1;8,0,-1,345,-1;8,0,-1,345,-1;8,0,-1,345,-1;8,0,-1,345,-1;8,0,-1,345,-1;8,0,-1,345,-1;8,0,-1,345,-1;8,0,-1,345,345;9,0,-1,345,-1;
